#!ascii label , from subject 100307 vox2ras=TkReg coords=white 
662 
11675 19.164 -49.374 0.893 0.0000000000 
11676 19.006 -49.764 0.885 0.0000000000 
12413 18.856 -49.333 3.081 0.0000000000 
12445 19.735 -48.824 1.203 0.0000000000 
12446 19.176 -49.449 1.644 0.0000000000 
12458 20.051 -48.823 0.574 0.0000000000 
12459 19.358 -49.358 1.05 0.0000000000 
12472 20.045 -48.655 0.288 0.0000000000 
12473 19.671 -48.993 0.413 0.0000000000 
12474 19.184 -49.208 0.769 0.0000000000 
12475 18.853 -49.509 0.823 0.0000000000 
12476 18.612 -49.462 0.941 0.0000000000 
12486 19.964 -48.593 0.257 0.0000000000 
12487 19.732 -48.722 0.28 0.0000000000 
12488 19.471 -48.896 0.36 0.0000000000 
12489 19.24 -49.012 0.511 0.0000000000 
13179 18.628 -48.294 4.122 0.0000000000 
13194 18.978 -48.77 3.669 0.0000000000 
13211 19.632 -47.945 2.715 0.0000000000 
13212 19.353 -48.207 2.942 0.0000000000 
13223 19.759 -48.075 2.4 0.0000000000 
13224 19.435 -48.742 2.329 0.0000000000 
13234 20.031 -48.328 1.676 0.0000000000 
13235 19.581 -49.017 1.821 0.0000000000 
13244 20.501 -48.074 0.794 0.0000000000 
13252 20.518 -48.379 0.159 0.0000000000 
13253 20.144 -48.494 0.072 0.0000000000 
13254 19.0 -48.908 0.896 0.0000000000 
13255 18.549 -49.081 1.292 0.0000000000 
13263 20.211 -48.349 -0.126 0.0000000000 
13264 20.019 -48.436 -0.024 0.0000000000 
13265 19.855 -48.279 0.077 0.0000000000 
13266 19.306 -48.639 0.535 0.0000000000 
13927 18.495 -47.26 5.017 0.0000000000 
13928 18.247 -47.58 5.521 0.0000000000 
13946 18.713 -47.513 4.612 0.0000000000 
13964 19.457 -47.245 3.245 0.0000000000 
13965 19.059 -47.532 3.488 0.0000000000 
13980 19.731 -47.496 2.827 0.0000000000 
13981 19.275 -47.682 3.036 0.0000000000 
13999 20.142 -47.551 1.94 0.0000000000 
14018 20.555 -47.637 1.267 0.0000000000 
14019 18.849 -47.786 3.047 0.0000000000 
14032 18.556 -48.486 1.916 0.0000000000 
14041 19.45 -48.146 0.999 0.0000000000 
14042 19.008 -48.423 1.422 0.0000000000 
14051 19.894 -47.813 0.342 0.0000000000 
14724 17.604 -46.666 6.495 0.0000000000 
14737 18.576 -46.71 5.076 0.0000000000 
14738 18.171 -46.746 5.755 0.0000000000 
14750 18.948 -46.846 4.159 0.0000000000 
14761 19.486 -46.689 3.302 0.0000000000 
14762 19.197 -46.884 3.696 0.0000000000 
14816 19.406 -45.984 3.498 0.0000000000 
14817 19.227 -46.719 3.512 0.0000000000 
14836 19.881 -46.215 2.826 0.0000000000 
14837 19.472 -47.283 2.468 0.0000000000 
14852 19.978 -46.771 1.317 0.0000000000 
14853 19.447 -47.853 1.672 0.0000000000 
14859 20.08 -47.356 0.79 0.0000000000 
15530 18.065 -45.246 5.963 0.0000000000 
15531 17.628 -45.742 6.459 0.0000000000 
15540 18.548 -45.643 5.226 0.0000000000 
15541 18.124 -46.104 5.853 0.0000000000 
15554 19.071 -45.995 4.465 0.0000000000 
15562 19.307 -46.447 3.891 0.0000000000 
15608 19.7 -45.443 3.36 0.0000000000 
15626 20.66 -44.784 1.345 0.0000000000 
15627 20.466 -45.123 2.252 0.0000000000 
15644 20.958 -45.512 1.076 0.0000000000 
15645 20.704 -45.765 1.645 0.0000000000 
16316 17.645 -44.147 5.897 0.0000000000 
16317 17.464 -44.937 6.717 0.0000000000 
16327 18.751 -44.623 5.396 0.0000000000 
16383 19.154 -44.265 3.331 0.0000000000 
16406 20.369 -44.019 1.463 0.0000000000 
16407 19.632 -43.466 2.368 0.0000000000 
16430 20.961 -44.251 0.83 0.0000000000 
16434 21.193 -44.539 0.094 0.0000000000 
17120 18.054 -43.266 7.324 0.0000000000 
17130 17.95 -43.579 6.791 0.0000000000 
17131 17.589 -44.205 7.042 0.0000000000 
17140 19.198 -43.884 5.347 0.0000000000 
17141 18.793 -43.695 6.105 0.0000000000 
17219 19.317 -43.155 1.105 0.0000000000 
17245 20.322 -43.427 0.603 0.0000000000 
17251 20.924 -43.56 0.032 0.0000000000 
17959 18.034 -42.965 7.77 0.0000000000 
17960 17.543 -42.795 8.61 0.0000000000 
17967 19.174 -42.784 6.518 0.0000000000 
17968 18.716 -42.962 6.881 0.0000000000 
17982 19.487 -43.012 5.68 0.0000000000 
17983 19.095 -43.258 6.277 0.0000000000 
18079 19.311 -43.005 0.293 0.0000000000 
18080 18.701 -42.105 0.26 0.0000000000 
18091 20.032 -42.846 -0.236 0.0000000000 
18092 19.099 -42.808 -0.133 0.0000000000 
18097 20.484 -43.21 -0.725 0.0000000000 
18801 17.21 -41.945 9.877 0.0000000000 
18802 17.417 -42.362 8.921 0.0000000000 
18815 18.638 -42.012 7.37 0.0000000000 
18816 18.081 -42.158 7.989 0.0000000000 
18817 17.714 -42.473 8.537 0.0000000000 
18825 19.023 -42.259 6.826 0.0000000000 
18826 18.657 -42.486 7.239 0.0000000000 
18936 18.502 -42.208 -0.017 0.0000000000 
18937 17.956 -42.16 -0.02 0.0000000000 
18955 19.648 -42.605 -0.657 0.0000000000 
18956 18.826 -42.428 -0.459 0.0000000000 
18957 17.793 -41.578 -0.426 0.0000000000 
18963 19.916 -42.273 -1.049 0.0000000000 
18964 18.987 -41.31 -0.87 0.0000000000 
18965 17.918 -40.975 -0.981 0.0000000000 
19665 17.87 -41.135 9.154 0.0000000000 
19680 18.727 -41.517 7.285 0.0000000000 
19681 18.475 -41.002 8.031 0.0000000000 
19691 19.545 -41.274 6.569 0.0000000000 
19711 9.007 -44.295 3.337 0.0000000000 
19712 7.291 -44.029 3.74 0.0000000000 
19713 5.71 -43.81 3.736 0.0000000000 
19714 4.492 -43.413 4.006 0.0000000000 
19730 12.881 -44.283 3.074 0.0000000000 
19731 11.297 -44.55 2.971 0.0000000000 
19732 10.236 -44.559 3.164 0.0000000000 
19831 17.35 -40.75 -0.55 0.0000000000 
19832 16.449 -40.259 -0.561 0.0000000000 
19846 19.173 -41.515 -1.838 0.0000000000 
19847 18.523 -40.603 -1.612 0.0000000000 
19848 17.543 -39.892 -0.901 0.0000000000 
19849 16.392 -39.324 -1.112 0.0000000000 
19859 19.076 -39.531 -1.651 0.0000000000 
20580 18.318 -40.397 8.631 0.0000000000 
20596 19.119 -40.471 7.219 0.0000000000 
20597 18.727 -40.355 7.983 0.0000000000 
20619 2.404 -41.865 5.084 0.0000000000 
20635 8.857 -42.745 3.115 0.0000000000 
20636 7.923 -42.902 3.352 0.0000000000 
20637 6.691 -42.799 3.745 0.0000000000 
20638 4.776 -42.98 3.254 0.0000000000 
20639 3.427 -42.721 3.981 0.0000000000 
20655 12.287 -43.135 2.202 0.0000000000 
20656 11.357 -43.363 2.387 0.0000000000 
20657 10.029 -43.349 2.815 0.0000000000 
20667 14.633 -42.909 2.624 0.0000000000 
20668 13.407 -43.12 2.442 0.0000000000 
20765 17.931 -39.561 -1.87 0.0000000000 
20766 17.114 -38.78 -1.503 0.0000000000 
20785 18.333 -39.041 -2.316 0.0000000000 
20786 17.706 -38.854 -2.031 0.0000000000 
21557 18.398 -39.79 9.068 0.0000000000 
21567 19.276 -39.761 7.225 0.0000000000 
21568 18.903 -39.747 7.978 0.0000000000 
21588 2.75 -40.654 6.345 0.0000000000 
21603 18.005 -42.308 6.193 0.0000000000 
21604 17.584 -42.804 6.436 0.0000000000 
21606 9.406 -41.397 3.511 0.0000000000 
21607 8.503 -41.418 3.826 0.0000000000 
21608 7.61 -41.754 3.552 0.0000000000 
21609 5.907 -42.278 2.832 0.0000000000 
21610 3.497 -41.562 4.114 0.0000000000 
21611 3.419 -41.43 3.408 0.0000000000 
21624 18.15 -42.883 5.377 0.0000000000 
21626 12.323 -42.021 2.2 0.0000000000 
21627 11.474 -42.093 2.445 0.0000000000 
21628 10.439 -41.911 2.757 0.0000000000 
21629 5.026 -42.127 2.909 0.0000000000 
21630 4.238 -41.883 2.938 0.0000000000 
21631 3.819 -41.559 2.915 0.0000000000 
21641 19.29 -42.426 3.159 0.0000000000 
21642 18.215 -42.992 3.576 0.0000000000 
21644 14.591 -41.992 1.721 0.0000000000 
21645 13.493 -41.917 1.961 0.0000000000 
21646 12.882 -41.933 2.119 0.0000000000 
21650 21.269 -42.208 1.79 0.0000000000 
21651 20.299 -42.285 1.815 0.0000000000 
21654 16.633 -42.39 1.418 0.0000000000 
21655 15.426 -42.006 1.498 0.0000000000 
21737 16.787 -38.25 -2.019 0.0000000000 
21738 16.16 -38.365 -2.122 0.0000000000 
21761 18.997 -38.351 -2.523 0.0000000000 
21762 17.413 -38.113 -2.215 0.0000000000 
21763 16.559 -37.448 -2.007 0.0000000000 
21780 20.695 -38.29 -3.349 0.0000000000 
21781 20.191 -38.306 -2.796 0.0000000000 
21782 19.428 -37.684 -2.481 0.0000000000 
21800 22.734 -37.327 -4.285 0.0000000000 
21801 22.234 -37.816 -4.064 0.0000000000 
21802 21.274 -38.663 -3.506 0.0000000000 
21826 22.761 -37.794 -4.791 0.0000000000 
22575 18.516 -39.11 9.447 0.0000000000 
22588 18.44 -39.265 8.449 0.0000000000 
22595 19.4 -39.18 7.098 0.0000000000 
22596 18.979 -39.004 7.838 0.0000000000 
22614 3.083 -39.445 6.578 0.0000000000 
22630 18.41 -41.875 6.184 0.0000000000 
22631 17.96 -41.695 6.837 0.0000000000 
22632 17.405 -41.861 7.598 0.0000000000 
22636 6.185 -41.825 2.604 0.0000000000 
22637 3.015 -39.868 5.63 0.0000000000 
22638 2.353 -40.725 4.401 0.0000000000 
22650 19.737 -41.206 5.195 0.0000000000 
22651 19.291 -41.775 5.469 0.0000000000 
22652 11.637 -41.098 2.314 0.0000000000 
22653 10.865 -40.764 2.818 0.0000000000 
22655 5.541 -41.771 2.604 0.0000000000 
22656 4.535 -41.645 2.417 0.0000000000 
22657 3.226 -40.955 3.143 0.0000000000 
22669 20.551 -41.295 4.054 0.0000000000 
22670 19.999 -41.429 4.381 0.0000000000 
22671 19.346 -42.297 4.201 0.0000000000 
22672 13.912 -40.68 1.228 0.0000000000 
22673 13.283 -40.668 1.511 0.0000000000 
22674 12.399 -40.766 2.014 0.0000000000 
22675 4.036 -41.128 2.398 0.0000000000 
22683 21.637 -41.658 2.637 0.0000000000 
22684 20.797 -41.622 3.22 0.0000000000 
22685 20.184 -42.524 3.023 0.0000000000 
22686 15.668 -40.828 0.116 0.0000000000 
22687 14.693 -40.835 0.87 0.0000000000 
22692 22.593 -41.32 0.971 0.0000000000 
22693 22.02 -41.637 1.615 0.0000000000 
22700 23.07 -41.079 -0.373 0.0000000000 
22701 22.757 -41.464 -0.441 0.0000000000 
22711 22.795 -40.647 -0.718 0.0000000000 
22774 18.536 -36.982 -2.359 0.0000000000 
22775 17.356 -36.612 -1.98 0.0000000000 
22795 20.799 -37.592 -3.511 0.0000000000 
22796 20.299 -37.045 -3.029 0.0000000000 
22797 19.578 -37.094 -2.625 0.0000000000 
22816 22.609 -36.965 -4.778 0.0000000000 
22817 22.755 -36.677 -4.014 0.0000000000 
22818 21.85 -37.154 -3.709 0.0000000000 
22834 22.787 -36.628 -5.379 0.0000000000 
22854 22.991 -36.603 -6.15 0.0000000000 
22855 22.32 -35.882 -7.134 0.0000000000 
22856 21.629 -35.735 -7.453 0.0000000000 
22983 20.0 -35.186 -15.759 0.0000000000 
22984 19.752 -35.545 -15.507 0.0000000000 
23639 18.53 -38.747 9.174 0.0000000000 
23640 18.356 -38.765 9.497 0.0000000000 
23656 18.526 -38.574 8.346 0.0000000000 
23657 18.425 -38.074 8.684 0.0000000000 
23666 19.307 -38.421 7.083 0.0000000000 
23680 17.326 -39.954 8.378 0.0000000000 
23681 16.419 -40.573 8.899 0.0000000000 
23701 18.628 -40.626 6.882 0.0000000000 
23702 17.888 -40.807 7.813 0.0000000000 
23703 17.115 -40.984 8.243 0.0000000000 
23707 6.851 -41.096 3.033 0.0000000000 
23720 19.721 -40.505 5.605 0.0000000000 
23721 19.28 -40.563 6.231 0.0000000000 
23727 6.621 -40.959 2.719 0.0000000000 
23728 5.219 -41.266 2.018 0.0000000000 
23743 20.642 -40.627 4.379 0.0000000000 
23744 20.247 -40.591 5.098 0.0000000000 
23745 13.499 -39.337 1.221 0.0000000000 
23746 12.659 -39.463 1.917 0.0000000000 
23748 4.005 -40.853 1.9 0.0000000000 
23758 21.968 -41.039 2.687 0.0000000000 
23759 21.399 -40.824 3.433 0.0000000000 
23760 14.803 -39.48 0.162 0.0000000000 
23761 14.143 -39.385 0.707 0.0000000000 
23762 3.68 -40.388 1.739 0.0000000000 
23767 23.351 -40.667 0.642 0.0000000000 
23768 23.059 -40.823 0.887 0.0000000000 
23769 22.491 -40.78 2.165 0.0000000000 
23771 15.854 -39.402 -0.496 0.0000000000 
23776 23.596 -40.497 -0.509 0.0000000000 
23777 23.358 -40.664 -0.169 0.0000000000 
23778 23.079 -41.076 -0.011 0.0000000000 
23787 23.368 -40.247 -0.929 0.0000000000 
23788 22.754 -40.123 -1.511 0.0000000000 
23831 18.486 -36.123 -2.244 0.0000000000 
23832 17.912 -35.838 -1.977 0.0000000000 
23845 20.722 -36.028 -3.699 0.0000000000 
23846 19.727 -36.207 -3.119 0.0000000000 
23847 19.054 -36.189 -2.458 0.0000000000 
23861 22.429 -36.152 -5.185 0.0000000000 
23862 21.986 -35.508 -4.264 0.0000000000 
23863 21.464 -36.549 -3.669 0.0000000000 
23873 22.549 -35.826 -6.101 0.0000000000 
23874 22.013 -35.017 -5.874 0.0000000000 
23875 21.348 -34.913 -6.23 0.0000000000 
23885 22.642 -35.768 -6.625 0.0000000000 
23886 22.116 -35.49 -6.735 0.0000000000 
23887 20.966 -35.176 -7.165 0.0000000000 
23888 19.535 -34.633 -7.498 0.0000000000 
23889 18.783 -34.204 -7.658 0.0000000000 
23969 17.669 -34.5 -11.063 0.0000000000 
23970 16.906 -34.344 -11.107 0.0000000000 
23989 20.259 -33.672 -14.638 0.0000000000 
23990 20.108 -33.526 -14.502 0.0000000000 
23991 19.877 -33.425 -14.407 0.0000000000 
24000 20.376 -34.063 -15.202 0.0000000000 
24001 20.12 -34.037 -15.184 0.0000000000 
24002 19.794 -33.949 -15.276 0.0000000000 
24003 19.439 -34.493 -15.484 0.0000000000 
24004 18.77 -34.783 -15.735 0.0000000000 
24661 18.143 -38.105 8.898 0.0000000000 
24681 18.66 -37.794 8.18 0.0000000000 
24682 18.47 -37.542 8.279 0.0000000000 
24683 18.057 -37.544 8.613 0.0000000000 
24684 17.654 -37.715 8.711 0.0000000000 
24686 17.21 -38.664 8.936 0.0000000000 
24692 18.996 -37.721 7.403 0.0000000000 
24693 18.712 -37.567 7.867 0.0000000000 
24694 17.219 -38.473 8.713 0.0000000000 
24709 18.042 -38.701 7.675 0.0000000000 
24710 17.603 -38.774 8.339 0.0000000000 
24711 17.156 -39.403 9.018 0.0000000000 
24729 17.969 -39.617 7.77 0.0000000000 
24750 7.579 -40.205 2.611 0.0000000000 
24751 6.522 -40.704 2.241 0.0000000000 
24770 7.268 -40.154 2.017 0.0000000000 
24771 5.758 -40.872 1.621 0.0000000000 
24788 21.939 -40.316 3.256 0.0000000000 
24790 14.936 -38.229 -0.311 0.0000000000 
24791 14.029 -38.099 0.698 0.0000000000 
24792 6.427 -40.288 1.44 0.0000000000 
24793 4.782 -40.505 1.249 0.0000000000 
24794 3.032 -39.756 1.69 0.0000000000 
24801 23.49 -40.453 1.108 0.0000000000 
24802 22.885 -40.252 2.216 0.0000000000 
24803 22.383 -40.075 2.951 0.0000000000 
24804 16.44 -38.297 -1.178 0.0000000000 
24805 15.5 -38.109 -1.008 0.0000000000 
24806 4.037 -40.185 0.749 0.0000000000 
24813 24.127 -39.825 -0.466 0.0000000000 
24814 23.824 -40.286 -0.225 0.0000000000 
24815 23.6 -40.505 0.227 0.0000000000 
24818 19.104 -38.2 -1.628 0.0000000000 
24819 18.085 -37.985 -1.431 0.0000000000 
24820 17.032 -37.916 -1.916 0.0000000000 
24821 3.8 -39.635 0.291 0.0000000000 
24827 23.951 -38.917 -1.654 0.0000000000 
24828 23.664 -39.164 -1.801 0.0000000000 
24829 23.032 -39.304 -1.974 0.0000000000 
24830 22.108 -38.946 -2.237 0.0000000000 
24907 21.579 -35.018 -5.217 0.0000000000 
24908 21.198 -34.542 -5.64 0.0000000000 
24909 20.498 -34.068 -5.38 0.0000000000 
24910 19.648 -33.734 -5.623 0.0000000000 
24922 21.045 -34.672 -6.32 0.0000000000 
24923 20.316 -34.267 -6.286 0.0000000000 
24924 18.846 -33.772 -6.818 0.0000000000 
24925 17.559 -33.832 -7.411 0.0000000000 
24926 16.394 -34.238 -7.84 0.0000000000 
24937 18.171 -34.145 -7.97 0.0000000000 
24938 17.068 -34.494 -8.432 0.0000000000 
24939 15.751 -34.483 -8.984 0.0000000000 
24953 15.441 -34.206 -10.363 0.0000000000 
24975 16.502 -34.534 -10.658 0.0000000000 
24976 15.345 -34.047 -11.487 0.0000000000 
24996 18.813 -33.355 -12.0 0.0000000000 
24997 17.853 -33.295 -12.395 0.0000000000 
24998 16.877 -33.644 -12.035 0.0000000000 
24999 16.005 -33.961 -11.881 0.0000000000 
25000 15.284 -33.872 -12.193 0.0000000000 
25020 20.201 -33.43 -14.155 0.0000000000 
25021 19.875 -33.241 -13.222 0.0000000000 
25022 19.429 -33.056 -13.741 0.0000000000 
25023 18.53 -32.923 -13.546 0.0000000000 
25024 17.958 -32.881 -13.287 0.0000000000 
25036 20.4 -33.978 -14.97 0.0000000000 
25037 19.484 -33.593 -14.936 0.0000000000 
25038 18.982 -33.524 -14.875 0.0000000000 
25039 18.113 -34.12 -15.389 0.0000000000 
25740 18.526 -37.413 7.919 0.0000000000 
25741 18.37 -37.347 8.103 0.0000000000 
25742 18.019 -37.405 8.267 0.0000000000 
25743 17.642 -37.522 8.44 0.0000000000 
25744 17.428 -37.803 8.614 0.0000000000 
25766 18.82 -37.298 7.568 0.0000000000 
25767 18.538 -37.292 7.714 0.0000000000 
25768 18.062 -37.336 7.988 0.0000000000 
25769 17.721 -37.487 8.126 0.0000000000 
25770 17.324 -37.894 8.406 0.0000000000 
25794 17.806 -37.714 7.735 0.0000000000 
25795 17.43 -38.147 8.318 0.0000000000 
25844 7.346 -39.926 1.59 0.0000000000 
25864 14.617 -36.869 0.078 0.0000000000 
25867 6.734 -39.703 0.991 0.0000000000 
25868 5.129 -40.208 0.791 0.0000000000 
25880 15.731 -37.097 -1.187 0.0000000000 
25881 15.254 -37.319 -0.614 0.0000000000 
25882 5.862 -39.425 -0.144 0.0000000000 
25883 4.961 -39.895 0.308 0.0000000000 
25888 21.115 -36.582 -2.229 0.0000000000 
25889 20.48 -36.986 -2.056 0.0000000000 
25890 19.391 -36.993 -2.012 0.0000000000 
25891 18.301 -36.739 -1.519 0.0000000000 
25892 17.189 -36.844 -1.691 0.0000000000 
25893 16.429 -36.962 -1.552 0.0000000000 
25894 5.386 -39.106 -0.877 0.0000000000 
25895 4.254 -39.512 -0.572 0.0000000000 
25901 23.348 -37.832 -2.575 0.0000000000 
25902 22.788 -37.739 -2.68 0.0000000000 
25903 21.874 -37.31 -2.601 0.0000000000 
25904 21.295 -37.775 -2.258 0.0000000000 
25905 5.746 -38.883 -1.373 0.0000000000 
25973 18.476 -33.473 -5.546 0.0000000000 
25975 15.612 -33.917 -5.959 0.0000000000 
25976 14.147 -33.906 -6.623 0.0000000000 
25987 17.793 -33.56 -6.451 0.0000000000 
25988 16.635 -33.907 -6.803 0.0000000000 
25989 15.078 -34.093 -7.8 0.0000000000 
25990 13.21 -34.15 -8.678 0.0000000000 
26005 14.073 -34.086 -9.95 0.0000000000 
26006 12.745 -33.635 -10.321 0.0000000000 
26023 14.194 -33.712 -11.509 0.0000000000 
26024 13.003 -33.582 -11.38 0.0000000000 
26041 14.604 -33.822 -12.428 0.0000000000 
26042 13.345 -33.672 -12.835 0.0000000000 
26061 17.6 -32.869 -13.374 0.0000000000 
26062 17.014 -33.083 -13.223 0.0000000000 
26063 16.106 -33.49 -13.069 0.0000000000 
26064 15.177 -33.763 -13.074 0.0000000000 
26083 19.955 -33.164 -13.384 0.0000000000 
26084 19.935 -33.268 -12.568 0.0000000000 
26086 18.341 -32.875 -14.106 0.0000000000 
26087 17.881 -32.78 -13.848 0.0000000000 
26088 17.269 -32.888 -13.986 0.0000000000 
26089 16.501 -33.359 -14.28 0.0000000000 
26100 20.336 -33.581 -14.601 0.0000000000 
26102 18.742 -33.009 -14.498 0.0000000000 
26103 18.612 -33.163 -15.197 0.0000000000 
26116 20.613 -34.471 -15.399 0.0000000000 
26858 18.723 -37.282 7.544 0.0000000000 
26859 18.146 -37.259 7.765 0.0000000000 
26860 17.952 -37.39 7.852 0.0000000000 
26970 15.951 -35.57 -1.126 0.0000000000 
26971 15.318 -36.432 -0.663 0.0000000000 
26974 7.365 -38.914 0.304 0.0000000000 
26982 21.423 -35.619 -2.046 0.0000000000 
26983 20.701 -35.539 -1.746 0.0000000000 
26984 19.827 -35.605 -1.731 0.0000000000 
26985 18.672 -35.562 -1.762 0.0000000000 
26986 17.173 -35.418 -1.543 0.0000000000 
26987 16.661 -36.198 -1.522 0.0000000000 
26989 8.234 -37.997 -0.09 0.0000000000 
26990 6.634 -38.853 -0.846 0.0000000000 
26995 22.666 -36.366 -3.046 0.0000000000 
26996 21.844 -35.813 -2.734 0.0000000000 
26997 21.674 -36.237 -2.44 0.0000000000 
26998 7.617 -38.103 -1.129 0.0000000000 
26999 6.272 -38.345 -2.043 0.0000000000 
27117 19.838 -33.151 -12.881 0.0000000000 
27133 20.01 -33.331 -14.288 0.0000000000 
27145 20.435 -33.977 -15.239 0.0000000000 
27996 20.979 -34.551 -1.829 0.0000000000 
27997 20.275 -34.597 -1.658 0.0000000000 
27998 19.33 -34.501 -1.591 0.0000000000 
27999 18.166 -34.314 -1.493 0.0000000000 
28003 8.727 -37.533 -0.793 0.0000000000 
28011 9.541 -36.637 -0.882 0.0000000000 
28012 8.301 -37.583 -1.798 0.0000000000 
28013 7.293 -37.725 -2.421 0.0000000000 
28019 10.369 -35.839 -0.987 0.0000000000 
28020 9.589 -36.205 -1.945 0.0000000000 
28021 8.002 -37.002 -2.641 0.0000000000 
28028 8.795 -36.168 -2.879 0.0000000000 
28081 21.536 -34.522 -5.623 0.0000000000 
28134 19.79 -33.156 -12.636 0.0000000000 
28144 19.864 -33.17 -14.082 0.0000000000 
28149 19.835 -33.621 -15.403 0.0000000000 
29014 10.971 -35.192 -1.451 0.0000000000 
29015 10.478 -35.454 -2.122 0.0000000000 
29021 11.887 -34.51 -1.6 0.0000000000 
29022 11.233 -34.862 -2.303 0.0000000000 
29023 9.986 -35.445 -2.739 0.0000000000 
29030 10.809 -34.752 -3.019 0.0000000000 
29031 9.929 -35.175 -3.8 0.0000000000 
29066 21.205 -34.379 -4.4 0.0000000000 
29067 20.434 -34.08 -4.216 0.0000000000 
29068 20.152 -33.621 -4.24 0.0000000000 
29075 21.156 -34.289 -5.068 0.0000000000 
29076 20.556 -34.012 -5.56 0.0000000000 
29077 20.027 -33.767 -4.725 0.0000000000 
29088 20.034 -34.405 -6.985 0.0000000000 
29128 20.221 -32.664 -12.614 0.0000000000 
29142 19.93 -32.754 -13.905 0.0000000000 
29145 19.393 -33.099 -15.231 0.0000000000 
30051 12.485 -34.205 -2.252 0.0000000000 
30052 11.667 -34.373 -2.875 0.0000000000 
30062 12.483 -33.936 -3.236 0.0000000000 
30063 11.133 -34.252 -3.663 0.0000000000 
30064 10.209 -34.441 -4.359 0.0000000000 
30073 11.912 -33.846 -4.05 0.0000000000 
30074 10.918 -33.874 -4.703 0.0000000000 
30095 21.569 -32.947 -3.063 0.0000000000 
30096 20.896 -32.739 -3.366 0.0000000000 
30097 20.19 -32.735 -3.564 0.0000000000 
30107 21.751 -33.517 -3.68 0.0000000000 
30108 21.089 -33.509 -3.704 0.0000000000 
30109 20.471 -33.262 -3.912 0.0000000000 
30110 19.7 -33.167 -4.371 0.0000000000 
30111 18.822 -33.133 -5.002 0.0000000000 
30120 19.779 -34.099 -6.519 0.0000000000 
30121 19.299 -33.637 -5.844 0.0000000000 
30122 18.145 -33.258 -5.919 0.0000000000 
30123 17.576 -33.118 -6.261 0.0000000000 
30135 19.23 -34.108 -7.829 0.0000000000 
30136 18.301 -33.685 -7.168 0.0000000000 
30137 17.613 -33.362 -6.903 0.0000000000 
30138 17.387 -33.102 -6.718 0.0000000000 
30176 20.283 -32.425 -12.558 0.0000000000 
30188 19.956 -32.328 -13.59 0.0000000000 
30196 19.1 -32.528 -15.112 0.0000000000 
31142 13.774 -33.362 -3.324 0.0000000000 
31143 12.81 -33.65 -3.954 0.0000000000 
31162 15.694 -32.869 -3.702 0.0000000000 
31163 14.851 -33.21 -4.036 0.0000000000 
31164 13.6 -33.4 -4.422 0.0000000000 
31165 12.199 -33.534 -4.835 0.0000000000 
31181 15.781 -33.235 -4.707 0.0000000000 
31182 14.735 -33.349 -5.076 0.0000000000 
31183 13.378 -33.345 -5.538 0.0000000000 
31192 21.43 -31.946 -2.927 0.0000000000 
31193 20.508 -31.986 -3.203 0.0000000000 
31194 19.784 -32.201 -3.72 0.0000000000 
31195 15.695 -33.245 -5.512 0.0000000000 
31196 14.637 -33.051 -6.296 0.0000000000 
31197 12.924 -33.112 -6.801 0.0000000000 
31205 19.06 -32.385 -4.34 0.0000000000 
31206 18.419 -32.471 -5.021 0.0000000000 
31207 14.144 -33.157 -8.03 0.0000000000 
31208 12.242 -33.359 -8.226 0.0000000000 
31219 17.81 -32.513 -5.651 0.0000000000 
31220 17.375 -32.588 -6.372 0.0000000000 
31221 14.223 -33.231 -9.138 0.0000000000 
31222 13.067 -33.391 -9.754 0.0000000000 
31223 11.207 -33.651 -9.605 0.0000000000 
31238 18.359 -34.066 -8.618 0.0000000000 
31239 17.625 -33.773 -8.131 0.0000000000 
31240 17.061 -32.892 -7.56 0.0000000000 
31241 16.478 -32.437 -7.921 0.0000000000 
31242 12.304 -33.226 -11.302 0.0000000000 
31243 11.265 -33.554 -10.85 0.0000000000 
31259 17.883 -34.085 -9.594 0.0000000000 
31260 16.996 -33.881 -9.208 0.0000000000 
31261 16.401 -32.834 -8.994 0.0000000000 
31262 16.157 -32.696 -9.554 0.0000000000 
31263 11.896 -33.343 -12.179 0.0000000000 
31264 11.076 -33.377 -11.859 0.0000000000 
31284 17.672 -33.699 -10.891 0.0000000000 
31285 16.771 -33.492 -10.411 0.0000000000 
31286 16.167 -33.044 -10.178 0.0000000000 
31296 17.673 -33.563 -11.77 0.0000000000 
31297 17.161 -33.44 -11.801 0.0000000000 
31298 16.431 -33.255 -11.374 0.0000000000 
31302 20.146 -32.276 -12.41 0.0000000000 
31303 19.954 -32.245 -12.567 0.0000000000 
31304 16.892 -33.176 -12.438 0.0000000000 
31305 16.653 -33.253 -12.078 0.0000000000 
31315 19.964 -32.094 -13.324 0.0000000000 
31316 19.888 -32.14 -13.063 0.0000000000 
31325 19.508 -32.013 -14.251 0.0000000000 
32231 16.519 -33.08 -4.294 0.0000000000 
32252 16.319 -33.282 -5.162 0.0000000000 
32259 20.187 -31.393 -3.422 0.0000000000 
32260 19.263 -31.564 -3.905 0.0000000000 
32262 15.844 -32.867 -6.253 0.0000000000 
32263 15.238 -32.87 -7.154 0.0000000000 
32267 18.613 -31.764 -4.388 0.0000000000 
32268 18.082 -31.77 -4.908 0.0000000000 
32269 15.647 -32.651 -7.207 0.0000000000 
32270 15.305 -32.912 -7.957 0.0000000000 
32276 17.58 -31.838 -5.697 0.0000000000 
32277 17.129 -32.006 -6.589 0.0000000000 
32278 14.868 -33.175 -8.921 0.0000000000 
32279 14.315 -33.285 -9.719 0.0000000000 
32291 16.517 -32.153 -7.296 0.0000000000 
32292 16.14 -32.199 -8.033 0.0000000000 
32293 14.618 -33.094 -9.707 0.0000000000 
32294 13.846 -33.096 -10.746 0.0000000000 
32307 15.939 -32.275 -8.893 0.0000000000 
32308 16.112 -32.545 -9.302 0.0000000000 
32309 12.613 -33.122 -12.425 0.0000000000 
32310 11.19 -33.287 -12.675 0.0000000000 
32333 15.799 -32.568 -9.744 0.0000000000 
32334 12.438 -32.904 -13.522 0.0000000000 
32335 11.348 -32.901 -13.32 0.0000000000 
32354 18.164 -33.275 -12.062 0.0000000000 
32355 17.654 -33.279 -12.161 0.0000000000 
32356 15.755 -32.818 -11.009 0.0000000000 
32357 12.322 -32.632 -13.825 0.0000000000 
32358 11.439 -32.278 -13.732 0.0000000000 
32365 19.74 -32.44 -12.994 0.0000000000 
32366 19.301 -32.431 -13.022 0.0000000000 
32367 18.667 -32.557 -13.049 0.0000000000 
32368 17.663 -32.851 -13.233 0.0000000000 
32369 16.094 -32.942 -12.728 0.0000000000 
32370 15.232 -32.913 -13.396 0.0000000000 
32375 19.661 -31.967 -13.62 0.0000000000 
32376 19.67 -31.989 -13.37 0.0000000000 
32377 17.728 -32.551 -14.522 0.0000000000 
32378 16.947 -32.674 -14.803 0.0000000000 
32379 15.386 -32.703 -14.496 0.0000000000 
32380 14.768 -32.568 -15.012 0.0000000000 
32389 19.537 -31.923 -13.871 0.0000000000 
32390 19.238 -31.682 -14.477 0.0000000000 
32393 15.004 -32.274 -15.73 0.0000000000 
33273 15.817 -32.638 -6.875 0.0000000000 
33281 15.761 -32.573 -7.685 0.0000000000 
33282 15.244 -32.941 -8.374 0.0000000000 
33317 13.855 -32.734 -11.755 0.0000000000 
33330 15.154 -32.532 -10.44 0.0000000000 
33331 14.634 -32.462 -11.452 0.0000000000 
33333 13.243 -32.704 -13.01 0.0000000000 
33350 15.133 -32.707 -11.745 0.0000000000 
33351 14.557 -32.544 -12.389 0.0000000000 
33352 12.754 -32.665 -13.83 0.0000000000 
33353 11.786 -32.007 -14.019 0.0000000000 
33354 10.084 -31.274 -14.437 0.0000000000 
33360 19.517 -32.004 -13.567 0.0000000000 
33361 19.377 -32.037 -13.727 0.0000000000 
33362 19.197 -32.16 -13.875 0.0000000000 
33363 18.618 -32.285 -13.91 0.0000000000 
33364 15.063 -32.783 -12.727 0.0000000000 
33365 14.535 -32.69 -13.551 0.0000000000 
33366 14.036 -32.535 -14.425 0.0000000000 
33367 12.251 -31.859 -14.02 0.0000000000 
33368 11.199 -31.393 -14.488 0.0000000000 
33369 10.24 -30.893 -14.9 0.0000000000 
33373 19.348 -31.779 -14.118 0.0000000000 
33374 19.115 -31.559 -14.7 0.0000000000 
33375 18.972 -31.926 -14.717 0.0000000000 
33376 18.599 -32.697 -14.925 0.0000000000 
33378 14.585 -32.553 -14.519 0.0000000000 
33379 14.303 -32.235 -15.253 0.0000000000 
33390 14.455 -31.951 -15.911 0.0000000000 
33400 14.696 -31.769 -16.567 0.0000000000 
34303 13.192 -32.649 -13.53 0.0000000000 
34326 12.95 -32.366 -13.948 0.0000000000 
34338 14.187 -32.487 -12.908 0.0000000000 
34339 13.78 -32.329 -13.658 0.0000000000 
34342 12.073 -31.603 -14.943 0.0000000000 
34343 10.561 -30.516 -15.097 0.0000000000 
34344 9.196 -29.823 -14.925 0.0000000000 
34353 13.7 -31.843 -15.069 0.0000000000 
34356 12.101 -30.68 -15.526 0.0000000000 
34357 10.887 -30.199 -15.764 0.0000000000 
34358 9.346 -29.302 -15.643 0.0000000000 
34368 13.884 -31.509 -16.181 0.0000000000 
34369 13.517 -30.981 -16.372 0.0000000000 
34379 14.25 -31.137 -17.456 0.0000000000 
34380 13.71 -30.701 -16.747 0.0000000000 
35286 13.606 -31.363 -15.674 0.0000000000 
35287 13.263 -31.285 -15.759 0.0000000000 
35288 13.049 -30.296 -15.671 0.0000000000 
35289 12.52 -29.488 -15.798 0.0000000000 
35290 11.265 -29.309 -16.19 0.0000000000 
35291 9.801 -28.65 -16.246 0.0000000000 
35298 13.398 -31.248 -16.173 0.0000000000 
35299 12.921 -30.755 -16.704 0.0000000000 
35300 12.864 -28.837 -16.342 0.0000000000 
35301 11.876 -28.273 -16.403 0.0000000000 
35302 10.323 -28.11 -16.883 0.0000000000 
35313 13.59 -29.465 -17.438 0.0000000000 
35314 12.752 -28.071 -17.094 0.0000000000 
36214 12.32 -27.59 -16.671 0.0000000000 
36215 10.8 -27.77 -17.608 0.0000000000 
